0.000000000000000000e+00
0.000000000000000000e+00
0.000000000000000000e+00
0.000000000000000000e+00
0.000000000000000000e+00
0.000000000000000000e+00
0.000000000000000000e+00
0.000000000000000000e+00
0.000000000000000000e+00
0.000000000000000000e+00
0.000000000000000000e+00
0.000000000000000000e+00
0.000000000000000000e+00
0.000000000000000000e+00
0.000000000000000000e+00
0.000000000000000000e+00
0.000000000000000000e+00
0.000000000000000000e+00
0.000000000000000000e+00
0.000000000000000000e+00
0.000000000000000000e+00
0.000000000000000000e+00
0.000000000000000000e+00
6.046424446903324312e-02
1.209284889380664862e-01
1.813927334070997155e-01
6.046424446903324312e-02
3.627854668141994865e-01
1.209284889380664862e-01
3.023212223451662295e-01
1.813927334070997155e-01
9.674279115045316679e-01
6.651066891593656605e-01
7.255709336283988620e-01
7.860351780974320635e-01
5.441782002212992575e-01
1.088356400442598293e+00
9.674279115045316679e-01
1.511606111725831481e+00
4.474354090708454912e+00
