0.000000000000000000e+00
0.000000000000000000e+00
0.000000000000000000e+00
0.000000000000000000e+00
0.000000000000000000e+00
0.000000000000000000e+00
0.000000000000000000e+00
0.000000000000000000e+00
0.000000000000000000e+00
0.000000000000000000e+00
0.000000000000000000e+00
0.000000000000000000e+00
0.000000000000000000e+00
0.000000000000000000e+00
0.000000000000000000e+00
0.000000000000000000e+00
0.000000000000000000e+00
0.000000000000000000e+00
0.000000000000000000e+00
0.000000000000000000e+00
0.000000000000000000e+00
2.237707155739942708e-02
6.713121467219827776e-02
2.237707155739942708e-02
8.950828622959770831e-02
1.566395009017959861e-01
6.713121467219827776e-02
1.342624293443965555e-01
1.790165724591954166e-01
3.132790018035919721e-01
3.580331449183908332e-01
9.174599338533765414e-01
8.279516476237788192e-01
4.475414311479885554e-01
7.160662898367816664e-01
8.055745760663793886e-01
8.727057907385776803e-01
1.342624293443965611e+00
1.185984792542169597e+00
1.387378436558764472e+00
