0.000000000000000000e+00
0.000000000000000000e+00
0.000000000000000000e+00
0.000000000000000000e+00
0.000000000000000000e+00
0.000000000000000000e+00
0.000000000000000000e+00
0.000000000000000000e+00
0.000000000000000000e+00
0.000000000000000000e+00
0.000000000000000000e+00
0.000000000000000000e+00
0.000000000000000000e+00
0.000000000000000000e+00
0.000000000000000000e+00
0.000000000000000000e+00
0.000000000000000000e+00
0.000000000000000000e+00
0.000000000000000000e+00
0.000000000000000000e+00
0.000000000000000000e+00
0.000000000000000000e+00
0.000000000000000000e+00
0.000000000000000000e+00
1.238436102889271390e-01
3.715308308667814030e-01
0.000000000000000000e+00
2.476872205778542779e-01
1.238436102889271390e-01
3.715308308667814030e-01
1.238436102889271390e-01
8.669052720224899033e-01
6.192180514446357087e-01
6.192180514446357087e-01
8.669052720224899033e-01
2.476872205778542779e-01
1.114592492600344098e+00
3.715308308667814030e-01
1.733810544044979585e+00
5.077588021846012545e+00
