0.000000000000000000e+00
0.000000000000000000e+00
0.000000000000000000e+00
0.000000000000000000e+00
0.000000000000000000e+00
0.000000000000000000e+00
0.000000000000000000e+00
0.000000000000000000e+00
0.000000000000000000e+00
0.000000000000000000e+00
0.000000000000000000e+00
0.000000000000000000e+00
0.000000000000000000e+00
0.000000000000000000e+00
0.000000000000000000e+00
0.000000000000000000e+00
0.000000000000000000e+00
0.000000000000000000e+00
0.000000000000000000e+00
0.000000000000000000e+00
0.000000000000000000e+00
0.000000000000000000e+00
0.000000000000000000e+00
1.181474480151228634e-01
1.181474480151228634e-01
0.000000000000000000e+00
1.181474480151228634e-01
4.725897920604914537e-01
1.181474480151228634e-01
2.362948960302457269e-01
2.362948960302457269e-01
1.063327032136105910e+00
7.088846880907372361e-01
8.270321361058601273e-01
7.088846880907372361e-01
8.270321361058601273e-01
1.063327032136105910e+00
1.535916824196597030e+00
1.299621928166351470e+00
3.898865784499052634e+00
